capture gender age nation1 nation2 nation3 nation4 nation5 reason
1 1 1 0 1 0 0 0 0 
1 1 1 0 1 0 0 0 0 
1 1 1 0 1 0 0 0 0 
1 1 1 0 0 0 0 1 0 
1 1 1 0 0 0 0 1 0 
2 1 1 0 1 0 0 0 0 
1 1 1 0 0 0 0 1 0 
1 1 1 0 1 0 0 0 0 
1 1 1 0 1 0 0 0 0 
1 1 1 0 0 0 0 1 0 
1 1 1 0 0 0 0 1 0 
1 1 1 0 1 0 0 0 0 
1 1 1 0 0 1 0 0 0 
1 1 1 0 1 0 0 0 0 
1 1 1 0 1 0 0 0 0 
4 1 1 0 0 0 0 1 0 
1 1 1 0 1 0 0 0 0 
1 1 1 0 1 0 0 0 0 
1 1 1 0 0 0 0 1 1 
1 1 1 0 1 0 0 0 0 
1 1 1 0 0 0 0 1 0 
1 1 1 0 1 0 0 0 0 
1 1 1 0 1 0 0 0 0 
1 1 1 0 0 1 0 0 1 
1 1 1 0 1 0 0 0 0 
1 1 1 0 1 0 0 0 0 
1 1 1 0 1 0 0 0 0 
1 1 0 0 0 1 0 0 0 
1 1 0 0 0 1 0 0 0 
1 1 1 0 1 0 0 0 0 
1 1 1 0 1 0 0 0 0 
1 1 1 1 0 0 0 0 0 
1 1 1 1 0 0 0 0 0 
1 1 1 0 0 1 0 0 0 
1 1 1 0 0 1 0 0 0 
1 1 0 0 0 1 0 0 0 
1 1 1 0 0 1 0 0 0 
1 1 1 0 0 1 0 0 0 
1 1 1 0 0 0 0 1 0 
1 1 1 0 0 0 0 1 0 
1 1 1 0 1 0 0 0 0 
1 1 1 0 1 0 0 0 0 
1 1 1 1 0 0 0 0 0 
1 1 1 0 0 0 1 0 0 
2 1 1 0 1 0 0 0 1 
2 1 1 0 1 0 0 0 0 
1 1 0 0 0 1 0 0 0 
1 1 1 0 0 1 0 0 0 
1 1 0 0 0 0 0 0 0 
1 1 1 0 0 0 1 0 0 
1 1 1 0 0 1 0 0 0 
1 1 1 0 1 0 0 0 1 
1 1 1 0 0 0 0 1 0 
1 1 1 0 0 0 0 1 0 
1 1 1 0 0 0 0 1 1 
1 1 1 0 1 0 0 0 0 
1 1 1 0 1 0 0 0 1 
1 1 0 0 0 0 0 0 0 
1 1 1 0 0 0 0 1 0 
1 1 1 0 1 0 0 0 0 
1 1 0 0 0 1 0 0 0 
1 1 1 0 1 0 0 0 0 
1 1 1 0 0 1 0 0 0 
2 1 1 1 0 0 0 0 0 
1 1 1 0 1 0 0 0 0 
1 1 0 0 0 1 0 0 1 
1 1 1 0 0 1 0 0 1 
1 1 1 0 1 0 0 0 0 
1 1 0 0 0 0 0 0 0 
1 1 1 0 1 0 0 0 0 
1 1 1 0 1 0 0 0 0 
2 1 1 0 1 0 0 0 0 
1 1 0 0 0 0 0 1 0 
1 1 1 0 1 0 0 0 0 
2 1 1 0 1 0 0 0 0 
1 1 1 0 1 0 0 0 0 
1 1 1 0 1 0 0 0 1 
1 1 1 0 1 0 0 0 0 
1 1 1 1 0 0 0 0 0 
2 1 1 0 1 0 0 0 0 
2 1 1 0 1 0 0 0 0 
2 1 1 0 1 0 0 0 0 
1 1 1 0 1 0 0 0 0 
1 1 1 0 1 0 0 0 0 
1 1 1 0 1 0 0 0 0 
1 1 1 0 1 0 0 0 0 
1 1 0 0 0 0 0 1 0 
1 1 1 0 1 0 0 0 0 
1 1 1 0 1 0 0 0 0 
1 1 1 0 1 0 0 0 0 
1 1 1 0 0 0 0 1 0 
1 1 1 0 1 0 0 0 0 
1 1 1 0 1 0 0 0 1 
1 1 1 0 1 0 0 0 0 
2 1 1 0 1 0 0 0 0 
2 1 1 0 1 0 0 0 0 
1 1 1 0 1 0 0 0 0 
1 1 1 0 1 0 0 0 0 
1 1 1 0 1 0 0 0 0 
1 1 1 0 0 1 0 0 0 
1 1 1 0 1 0 0 0 0 
1 1 1 0 1 0 0 0 0 
1 1 1 0 1 0 0 0 0 
1 1 1 0 1 0 0 0 1 
1 1 1 0 1 0 0 0 0 
1 1 1 0 1 0 0 0 0 
1 1 1 0 1 0 0 0 0 
1 1 1 0 1 0 0 0 0 
2 1 1 0 1 0 0 0 0 
1 1 1 0 1 0 0 0 0 
1 1 1 0 1 0 0 0 0 
1 1 1 0 1 0 0 0 0 
2 1 1 0 1 0 0 0 0 
1 1 1 0 0 0 0 1 0 
1 0 1 0 0 0 0 0 0 
1 1 1 0 1 0 0 0 0 
1 1 1 0 1 0 0 0 0 
1 1 1 1 0 0 0 0 0 
3 1 1 0 1 0 0 0 0 
1 1 1 0 0 0 0 0 0 
1 1 1 0 0 0 0 1 0 
1 1 1 0 1 0 0 0 0 
1 1 1 0 1 0 0 0 0 
1 1 1 0 0 1 0 0 0 
1 1 1 0 1 0 0 0 0 
2 1 1 0 1 0 0 0 0 
1 1 1 0 0 0 0 1 0 
1 1 1 0 0 1 0 0 1 
1 1 1 0 1 0 0 0 1 
1 1 1 0 0 0 1 0 0 
1 1 1 0 1 0 0 0 0 
1 1 1 0 0 1 0 0 0 
1 1 1 0 0 1 0 0 0 
1 1 1 0 0 1 0 0 1 
1 1 1 0 1 0 0 0 0 
1 1 1 0 1 0 0 0 0 
1 1 1 0 0 0 1 0 1 
1 1 1 0 0 0 1 0 0 
1 1 1 0 1 0 0 0 0 
1 1 1 0 1 0 0 0 0 
1 1 1 0 1 0 0 0 0 
1 1 1 0 1 0 0 0 0 
1 1 1 0 1 0 0 0 0 
1 1 1 0 1 0 0 0 0 
1 1 1 0 1 0 0 0 0 
1 1 1 0 1 0 0 0 0 
2 1 1 0 1 0 0 0 0 
2 1 1 0 1 0 0 0 0 
2 1 1 0 1 0 0 0 0 
1 1 1 0 1 0 0 0 0 
1 1 1 0 1 0 0 0 0 
2 1 1 0 1 0 0 0 1 
1 1 1 0 1 0 0 0 0 
1 1 1 0 0 0 0 1 0 
1 1 1 0 1 0 0 0 0 
1 1 1 0 0 1 0 0 0 
1 1 1 1 0 0 0 0 0 
1 1 1 0 0 0 1 0 0 
1 1 1 1 0 0 0 0 0 
3 0 1 0 0 0 0 0 1 
2 1 1 0 0 0 0 0 0 
1 1 1 1 0 0 0 0 0 
1 1 1 1 0 0 0 0 0 
1 1 1 1 0 0 0 0 0 
2 1 1 0 1 0 0 0 0 
1 1 1 0 1 0 0 0 0 
1 1 1 0 1 0 0 0 0 
1 1 1 0 0 0 0 1 0 
1 1 1 0 0 0 0 1 0 
1 1 1 0 0 1 0 0 1 
1 1 1 0 0 0 0 1 0 
1 1 1 0 1 0 0 0 0 
3 1 1 0 0 0 0 1 0 
1 1 1 0 0 0 0 0 0 
1 1 1 1 0 0 0 0 0 
1 1 1 0 0 1 0 0 0 
1 1 1 0 0 0 1 0 0 
1 1 1 0 0 0 1 0 0 
1 1 1 0 0 0 0 0 0 
1 1 1 0 0 0 1 0 0 
1 1 1 0 1 0 0 0 0 
1 1 1 0 1 0 0 0 0 
1 1 1 0 1 0 0 0 0 
1 1 1 0 1 0 0 0 0 
1 1 1 0 0 1 0 0 0 
1 1 1 0 0 1 0 0 0 
3 1 1 0 0 1 0 0 0 
1 1 1 0 1 0 0 0 1 
1 1 0 0 0 0 1 0 0 
1 1 1 1 0 0 0 0 0 
1 1 1 0 0 1 0 0 0 
1 1 1 0 1 0 0 0 1 
2 1 1 0 0 0 0 1 0 
1 1 1 0 1 0 0 0 0 
1 1 1 0 1 0 0 0 0 
2 1 1 0 1 0 0 0 0 
1 1 1 0 0 0 0 1 0 
1 1 1 0 1 0 0 0 0 
1 1 1 0 1 0 0 0 0 
2 1 1 0 1 0 0 0 0 
1 1 1 0 0 0 1 0 0 
1 1 1 0 0 0 1 0 0 
1 1 1 0 0 0 1 0 0 
1 1 1 1 0 0 0 0 0 
2 1 1 0 1 0 0 0 0 
1 1 1 0 0 0 1 0 0 
1 1 1 0 0 1 0 0 0 
1 1 1 0 1 0 0 0 0 
1 1 1 0 0 0 0 1 0 
1 1 0 0 1 0 0 0 0 
1 1 1 0 0 0 0 0 0 
1 1 1 0 0 1 0 0 0 
1 1 0 0 0 1 0 0 1 
1 1 1 1 0 0 0 0 0 
3 1 1 0 1 0 0 0 0 
1 1 1 0 1 0 0 0 1 
1 1 1 0 1 0 0 0 0 
1 1 1 0 1 0 0 0 0 
1 1 1 0 1 0 0 0 0 
1 1 1 0 0 0 0 1 0 
1 1 1 0 1 0 0 0 0 
2 1 1 0 1 0 0 0 1 
1 1 1 0 1 0 0 0 0 
1 1 1 0 1 0 0 0 0 
1 1 1 0 1 0 0 0 0 
1 1 1 0 1 0 0 0 1 
1 1 1 0 1 0 0 0 0 
1 1 1 0 0 0 0 0 1 
1 1 1 0 0 0 0 1 1 
2 1 0 0 0 0 0 1 1 
1 1 1 0 1 0 0 0 1 
1 1 1 1 0 0 0 0 0 
2 1 1 1 0 0 0 0 0 
1 1 1 0 1 0 0 0 0 
1 1 1 0 1 0 0 0 0 
1 1 1 0 1 0 0 0 1 
3 1 1 0 1 0 0 0 0 
1 1 1 0 0 0 0 1 0 
1 1 1 0 0 0 0 0 0 
1 1 1 0 1 0 0 0 0 
1 1 1 1 0 0 0 0 0 
1 1 1 1 0 0 0 0 0 
1 1 1 0 1 0 0 0 0 
1 1 1 0 0 0 0 1 0 
2 1 1 0 1 0 0 0 0 
1 1 1 0 0 1 0 0 0 
1 1 1 1 0 0 0 0 1 
1 1 1 1 0 0 0 0 0 
1 1 1 0 1 0 0 0 0 
1 1 1 0 0 0 0 1 1 
1 1 1 0 0 1 0 0 0 
1 1 0 0 1 0 0 0 0 
1 1 1 0 1 0 0 0 0 
1 0 1 0 0 0 0 0 0 
1 1 1 0 0 0 0 1 0 
1 1 1 1 0 0 0 0 0 
1 1 1 0 1 0 0 0 0 
2 1 1 0 0 1 0 0 0 
1 1 1 0 1 0 0 0 0 
1 1 1 0 0 1 0 0 1 
1 1 1 0 0 0 1 0 0 
1 1 1 0 0 0 0 0 0 
1 1 1 0 0 0 0 0 0 
1 1 1 0 0 0 0 0 0 
2 1 1 0 0 0 0 0 0 
1 1 1 0 0 0 0 1 0 
1 1 0 0 1 0 0 0 0 
1 1 1 0 1 0 0 0 0 
1 1 0 0 1 0 0 0 0 
1 0 1 0 1 0 0 0 0 
4 1 1 0 1 0 0 0 0 
1 1 1 0 0 0 0 1 0 
1 1 1 0 1 0 0 0 0 
5 0 1 0 1 0 0 0 0 
1 1 1 0 0 0 0 1 0 
3 1 1 0 1 0 0 0 0 
1 1 1 0 1 0 0 0 0 
1 1 1 1 0 0 0 0 0 
1 1 1 0 0 0 0 1 0 
1 1 1 0 1 0 0 0 0 
2 1 1 0 1 0 0 0 0 
1 1 1 0 1 0 0 0 0 
1 1 1 0 1 0 0 0 0 
2 1 1 0 0 1 0 0 0 
1 1 1 0 1 0 0 0 0 
1 1 1 0 1 0 0 0 0 
1 1 1 0 1 0 0 0 0 
1 1 1 0 0 0 0 1 0 
1 1 1 0 0 0 0 0 0 
1 1 0 0 0 0 1 0 0 
1 1 1 0 0 0 0 1 0 
1 1 1 0 1 0 0 0 1 
1 1 0 0 1 0 0 0 0 
1 1 0 0 1 0 0 0 0 
1 1 1 0 1 0 0 0 1 
1 1 1 0 0 0 0 1 0 
1 0 1 0 0 1 0 0 0 
1 1 1 0 1 0 0 0 0 
1 1 1 0 0 1 0 0 0 
1 1 1 0 1 0 0 0 0 
1 1 1 0 0 1 0 0 0 
1 1 1 0 1 0 0 0 0 
1 1 1 0 1 0 0 0 0 
1 1 1 0 0 1 0 0 1 
1 1 1 1 0 0 0 0 0 
1 1 1 0 0 1 0 0 0 
1 1 1 0 1 0 0 0 0 
1 1 1 0 0 0 0 1 1 
1 1 1 0 1 0 0 0 0 
1 1 1 0 1 0 0 0 0 
1 1 1 0 0 1 0 0 0 
1 1 1 0 1 0 0 0 0 
1 1 1 0 0 1 0 0 0 
1 1 1 0 1 0 0 0 1 
1 1 1 0 1 0 0 0 0 
1 0 1 0 0 0 0 0 0 
1 1 1 0 0 1 0 0 0 
1 1 1 0 0 0 0 1 0 
3 1 1 0 0 0 0 0 1 
1 1 1 0 0 1 0 0 1 
1 1 1 0 0 1 0 0 1 
1 1 1 0 0 0 0 0 0 
2 1 1 0 0 1 0 0 0 
1 1 1 0 0 1 0 0 0 
1 1 1 0 1 0 0 0 0 
1 0 1 0 0 1 0 0 0 
1 1 1 0 1 0 0 0 0 
2 1 1 0 1 0 0 0 0 
1 1 1 0 1 0 0 0 0 
1 1 1 0 1 0 0 0 0 
4 1 1 0 1 0 0 0 0 
2 1 1 0 1 0 0 0 0 
1 1 1 0 0 0 0 1 0 
2 1 1 0 1 0 0 0 0 
1 1 1 0 0 0 0 1 0 
1 1 1 1 0 0 0 0 0 
1 1 1 0 1 0 0 0 1 
1 1 1 0 1 0 0 0 0 
1 1 1 0 1 0 0 0 1 
1 1 1 0 1 0 0 0 0 
6 1 1 0 1 0 0 0 0 
1 1 1 1 0 0 0 0 0 
1 1 1 0 0 1 0 0 0 
1 1 1 0 1 0 0 0 0 
1 1 0 0 0 1 0 0 0 
1 1 1 0 1 0 0 0 0 
1 1 1 0 0 0 0 1 0 
1 1 1 0 0 0 0 1 1 
1 1 1 0 0 0 0 0 0 
1 1 1 0 0 0 1 0 1 
1 1 1 1 0 0 0 0 0 
1 1 0 0 0 0 0 1 0 
1 1 1 0 1 0 0 0 0 
1 1 1 0 1 0 0 0 0 
1 1 0 0 1 0 0 0 0 
1 1 1 0 1 0 0 0 0 
1 1 1 0 0 0 1 0 0 
1 1 1 0 0 0 1 0 1 
1 1 1 0 1 0 0 0 0 
1 1 1 0 0 0 1 0 0 
1 1 1 0 1 0 0 0 0 
1 1 1 0 1 0 0 0 0 
1 1 1 0 1 0 0 0 0 
2 1 1 0 1 0 0 0 0 
1 1 1 0 1 0 0 0 1 
1 1 1 0 1 0 0 0 0 
1 1 1 0 1 0 0 0 0 
1 1 1 0 1 0 0 0 0 
1 1 1 0 1 0 0 0 0 
1 1 1 0 1 0 0 0 0 
1 1 0 0 0 1 0 0 0 
1 1 1 0 0 0 0 1 0 
1 1 1 0 1 0 0 0 1 
1 1 1 0 0 0 0 1 0 
2 1 1 0 1 0 0 0 0 
1 1 1 0 1 0 0 0 0 
1 1 1 0 0 0 0 0 0 
1 1 1 0 1 0 0 0 0 
2 1 1 0 1 0 0 0 0 
1 1 1 0 0 1 0 0 0 
1 1 1 0 0 0 0 0 0 
1 1 1 1 0 0 0 0 0 
2 1 1 0 1 0 0 0 1 
1 1 0 0 1 0 0 0 0 
1 0 1 0 0 1 0 0 0 
1 1 1 0 1 0 0 0 0 
1 1 1 0 1 0 0 0 0 
1 1 1 0 1 0 0 0 0 
1 1 1 0 0 1 0 0 0 
1 1 1 0 0 0 0 1 0 
1 1 1 0 0 0 0 1 0 
1 1 1 0 0 0 0 1 0 
3 1 1 0 1 0 0 0 0 
1 1 1 0 0 0 1 0 0 
3 1 1 0 0 0 0 0 0 
2 1 1 0 0 0 0 1 0 
1 1 1 0 0 0 0 1 0 
1 1 1 0 1 0 0 0 0 
1 1 1 0 1 0 0 0 0 
1 1 0 0 1 0 0 0 1 
1 1 1 0 1 0 0 0 0 
1 1 1 0 1 0 0 0 0 
1 1 1 0 1 0 0 0 1 
4 1 1 0 0 0 0 0 0 
1 1 1 0 1 0 0 0 0 
1 1 1 0 1 0 0 0 0 
2 1 1 0 1 0 0 0 0 
2 1 1 0 0 0 0 1 0 
2 1 1 0 1 0 0 0 0 
1 1 1 0 0 0 1 0 1 
1 1 1 0 0 0 0 1 0 
1 1 1 0 0 0 1 0 0 
1 1 1 0 0 1 0 0 0 
1 1 1 0 0 0 0 1 0 
2 1 1 0 1 0 0 0 0 
1 1 1 0 0 0 0 0 1 
1 1 1 0 0 1 0 0 0 
1 1 1 0 0 1 0 0 0 
2 1 1 0 1 0 0 0 0 
3 1 1 0 0 1 0 0 1 
1 1 1 0 0 1 0 0 0 
1 1 1 1 0 0 0 0 0 
1 1 1 0 0 1 0 0 0 
1 1 1 0 0 1 0 0 0 
1 1 1 0 0 1 0 0 0 
1 1 1 0 0 1 0 0 0 
1 1 1 1 0 0 0 0 0 
1 1 1 0 0 1 0 0 0 
1 1 1 0 0 1 0 0 0 
1 1 1 0 0 0 0 1 1 
1 1 1 0 1 0 0 0 0 
2 1 1 0 1 0 0 0 0 
1 1 1 0 0 0 0 0 0 
1 0 1 0 0 1 0 0 0 
1 1 1 1 0 0 0 0 0 
1 1 0 1 0 0 0 0 0 
1 1 1 0 0 1 0 0 0 
1 1 1 0 0 0 1 0 0 
1 1 1 0 0 0 1 0 1 
1 1 1 0 1 0 0 0 0 
1 1 1 0 1 0 0 0 0 
1 1 1 0 0 1 0 0 0 
1 1 1 0 1 0 0 0 0 
1 1 1 0 1 0 0 0 0 
1 1 1 0 0 0 1 0 1 
1 1 0 0 0 0 0 0 0 
1 1 1 0 1 0 0 0 0 
1 1 0 0 0 0 0 1 1 
2 1 1 0 0 0 0 0 0 
2 1 1 0 1 0 0 0 0 
2 1 1 0 1 0 0 0 0 
1 1 1 0 1 0 0 0 0 
1 1 1 0 0 1 0 0 0 
1 1 1 0 0 0 0 1 0 
1 1 1 0 1 0 0 0 0 
1 1 1 0 0 0 1 0 0 
1 1 1 0 0 0 1 0 0 
1 1 1 0 0 0 0 0 0 
1 1 1 0 0 0 0 1 0 
1 1 1 0 0 0 0 0 1 
2 1 1 0 1 0 0 0 0 
1 1 1 0 0 0 0 1 0 
1 1 1 0 1 0 0 0 0 
1 1 0 0 1 0 0 0 1 
2 1 1 0 1 0 0 0 0 
1 1 1 0 1 0 0 0 0 
1 1 1 0 0 0 0 0 0 
1 1 1 1 0 0 0 0 0 
1 1 1 0 1 0 0 0 0 
1 1 1 0 0 0 0 1 0 
3 1 1 0 1 0 0 0 0 
1 1 1 0 1 0 0 0 0 
1 1 1 0 1 0 0 0 0 
1 1 1 0 1 0 0 0 0 
3 1 1 0 1 0 0 0 0 
3 1 1 0 0 1 0 0 0 
1 1 1 0 0 0 0 1 0 
1 1 1 0 1 0 0 0 0 
1 1 1 0 0 0 0 1 0 
1 1 1 0 0 0 0 0 0 
1 1 1 0 0 0 0 1 0 
1 1 1 0 1 0 0 0 0 
1 1 1 0 1 0 0 0 0 
1 1 1 0 1 0 0 0 0 
1 1 1 0 0 0 1 0 0 
1 1 1 0 1 0 0 0 1 
1 1 1 0 1 0 0 0 0 
1 1 1 0 1 0 0 0 1 
1 1 1 0 1 0 0 0 0 
1 1 1 0 1 0 0 0 1 
1 1 1 0 0 0 0 0 0 
1 1 1 0 0 0 0 1 0 
3 1 1 0 1 0 0 0 0 
1 1 1 0 1 0 0 0 0 
1 1 1 0 0 1 0 0 0 
1 1 1 0 1 0 0 0 0 
1 1 1 0 0 0 0 1 0 
1 1 1 0 0 0 0 1 0 
1 1 0 1 0 0 0 0 0 
2 1 1 0 1 0 0 0 0 
1 1 1 0 0 0 1 0 0 
1 1 1 0 0 0 1 0 0 
1 1 1 0 1 0 0 0 0 
1 1 1 0 0 0 0 0 0 
2 1 1 0 1 0 0 0 0 
1 1 1 0 1 0 0 0 0 
1 1 1 1 0 0 0 0 0 
1 1 1 0 0 1 0 0 0 
1 1 1 0 0 1 0 0 0 
2 1 1 0 1 0 0 0 0 
1 1 1 0 0 0 1 0 0 
1 1 1 1 0 0 0 0 0 
1 1 1 0 0 0 0 1 0 
1 1 1 0 1 0 0 0 0 
2 1 1 0 1 0 0 0 0 
3 1 1 0 1 0 0 0 0 
1 1 1 0 0 0 1 0 0 
1 1 1 0 1 0 0 0 0 
1 1 1 1 0 0 0 0 0 
1 1 1 0 0 0 0 1 1 
1 1 1 0 0 1 0 0 1 
1 1 1 0 1 0 0 0 0 
1 1 1 0 1 0 0 0 1 
1 1 1 0 1 0 0 0 0 
1 1 1 0 1 0 0 0 0 
4 1 1 0 1 0 0 0 0 
1 1 1 0 1 0 0 0 0 
1 1 1 1 0 0 0 0 0 
1 1 1 1 0 0 0 0 1 
1 1 1 0 0 1 0 0 0 
1 1 1 0 0 0 0 1 0 
1 1 1 0 1 0 0 0 0 
1 1 1 0 1 0 0 0 0 
1 1 1 0 0 1 0 0 0 
1 1 1 0 0 1 0 0 0 
1 1 1 0 0 1 0 0 1 
1 1 1 1 0 0 0 0 0 
1 1 1 1 0 0 0 0 0 
2 1 1 0 0 0 0 0 0 
1 0 1 0 0 0 0 0 0 
1 1 1 0 1 0 0 0 0 
2 1 0 0 0 0 1 0 0 
1 1 1 0 0 0 1 0 0 
1 1 1 0 1 0 0 0 0 
1 1 1 0 1 0 0 0 0 
3 1 1 0 1 0 0 0 0 
2 1 1 0 0 1 0 0 1 
1 1 1 0 0 0 0 0 0 
1 1 1 0 0 1 0 0 1 
1 1 1 0 0 1 0 0 0 
1 1 0 0 0 0 1 0 0 
1 1 1 0 0 1 0 0 0 
1 1 1 0 0 1 0 0 0 
1 1 1 0 1 0 0 0 0 
2 1 1 0 1 0 0 0 0 
1 1 1 0 1 0 0 0 0 
1 1 1 0 0 0 0 0 0 
1 1 1 1 0 0 0 0 0 
1 1 1 0 1 0 0 0 0 
1 1 1 0 1 0 0 0 0 
1 1 1 1 0 0 0 0 0 
1 1 1 0 1 0 0 0 0 
1 1 1 0 0 0 0 1 0 
1 1 1 0 0 0 0 1 0 
1 1 1 0 1 0 0 0 0 
1 1 1 0 0 0 0 1 1 
2 1 1 0 1 0 0 0 0 
1 1 1 0 1 0 0 0 0 
2 1 1 0 1 0 0 0 0 
1 1 1 0 0 0 0 1 0 
1 1 1 0 1 0 0 0 0 
1 1 1 0 1 0 0 0 0 
1 1 1 0 0 0 0 1 1 
1 1 1 0 1 0 0 0 0 
1 1 1 0 1 0 0 0 0 
1 1 1 0 0 0 0 0 0 
1 1 0 0 1 0 0 0 0 
1 1 1 0 1 0 0 0 0 
2 0 1 0 0 0 0 0 0 
1 1 1 0 1 0 0 0 0 
1 1 1 0 1 0 0 0 0 
1 1 1 0 0 0 0 0 1 
1 1 1 0 0 1 0 0 0 
1 1 1 0 0 0 0 1 0 
1 1 1 0 0 0 0 1 0 
1 1 1 0 1 0 0 0 0 
1 1 1 0 0 0 0 0 0 
1 1 1 0 0 1 0 0 1 
1 1 1 0 1 0 0 0 1 
1 1 1 0 1 0 0 0 0 
1 1 1 0 0 1 0 0 0 
1 1 1 0 1 0 0 0 0 
1 1 1 0 1 0 0 0 0 
1 1 1 0 1 0 0 0 0 
1 1 1 0 1 0 0 0 0 
1 1 1 0 1 0 0 0 1 
1 1 1 0 1 0 0 0 0 
1 1 1 0 0 0 0 1 0 
1 1 1 0 0 0 0 0 0 
1 1 1 0 0 0 0 1 0 
1 1 1 0 0 0 0 1 0 
1 1 1 0 1 0 0 0 0 
1 1 1 0 0 0 0 1 0 
2 1 1 0 1 0 0 0 1 
1 1 1 0 0 0 0 1 0 
1 1 1 0 1 0 0 0 0 
1 1 1 0 0 0 0 1 0 
1 1 1 0 1 0 0 0 0 
1 1 1 0 0 0 0 0 0 
1 1 1 0 0 0 0 1 0 
1 1 1 0 0 0 0 1 0 
1 1 1 1 0 0 0 0 0 
1 1 1 0 1 0 0 0 0 
1 1 1 0 0 0 0 1 0 
1 1 1 0 0 0 0 1 0 
1 1 1 0 1 0 0 0 0 
1 1 1 0 0 0 0 1 0 
2 1 1 0 0 0 0 0 0 
1 1 1 0 0 1 0 0 1 
1 1 1 0 1 0 0 0 0 
1 1 1 0 0 0 0 1 0 
1 1 1 0 0 0 0 1 0 
2 1 1 0 1 0 0 0 0 
3 1 1 0 1 0 0 0 0 
1 1 0 0 1 0 0 0 0 
1 1 1 0 0 1 0 0 0 
1 1 1 0 0 1 0 0 0 
1 1 1 0 1 0 0 0 0 
2 1 1 0 1 0 0 0 0 
1 1 1 0 0 0 0 0 0 
1 1 1 0 0 0 0 1 0 
1 1 1 0 1 0 0 0 0 
1 1 1 0 0 0 0 0 0 
1 1 1 0 0 0 0 1 0 
1 1 1 0 0 1 0 0 0 
1 1 1 0 1 0 0 0 0 
1 1 1 0 0 0 0 0 1 
1 0 1 0 1 0 0 0 0 
1 0 1 0 0 0 0 1 0 
1 0 1 0 1 0 0 0 0 
1 0 0 0 0 0 0 1 0 
1 0 1 0 0 0 0 1 0 
1 0 1 0 0 0 0 1 0 
1 0 1 0 1 0 0 0 0 
1 0 1 0 1 0 0 0 0 
2 0 1 0 1 0 0 0 0 
1 0 1 0 0 0 0 1 0 
1 0 0 0 1 0 0 0 0 
1 0 1 0 1 0 0 0 0 
1 0 1 0 1 0 0 0 0 
1 0 1 0 1 0 0 0 1 
1 0 1 0 0 1 0 0 1 
1 0 1 0 1 0 0 0 0 
1 0 1 0 1 0 0 0 0 
2 0 1 0 0 0 0 1 1 
1 0 1 0 0 1 0 0 0 
1 0 1 0 0 0 0 1 0 
1 0 1 0 1 0 0 0 0 
1 0 1 0 1 0 0 0 1 
1 0 1 0 1 0 0 0 1 
1 0 1 0 0 1 0 0 0 
1 0 1 0 1 0 0 0 0 
1 0 1 0 1 0 0 0 0 
1 0 1 0 1 0 0 0 0 
1 0 1 0 0 1 0 0 0 
1 0 0 0 1 0 0 0 0 
1 0 1 0 0 0 0 1 0 
1 0 1 0 1 0 0 0 0 
1 0 1 0 1 0 0 0 0 
1 0 1 0 0 1 0 0 0 
1 0 1 0 1 0 0 0 1 
3 0 1 0 1 0 0 0 0 
1 0 1 0 1 0 0 0 1 
2 0 1 0 1 0 0 0 0 
1 0 1 1 0 0 0 0 0 
1 0 1 0 1 0 0 0 0 
2 0 1 0 0 1 0 0 0 
1 0 1 0 1 0 0 0 0 
2 0 1 0 1 0 0 0 0 
1 0 1 0 0 0 0 0 0 
1 0 1 0 0 0 1 0 0 
1 0 1 0 1 0 0 0 0 
1 0 1 0 1 0 0 0 0 
1 0 1 0 0 0 0 0 1 
1 0 1 0 0 0 0 0 1 
3 0 1 0 1 0 0 0 1 
1 0 1 0 1 0 0 0 1 
1 0 1 0 1 0 0 0 0 
1 0 1 0 0 0 0 1 0 
1 0 1 0 1 0 0 0 0 
1 0 1 0 1 0 0 0 0 
2 0 1 0 1 0 0 0 0 
1 0 1 0 1 0 0 0 0 
2 0 1 0 1 0 0 0 0 
1 0 1 0 1 0 0 0 0 
1 0 1 0 1 0 0 0 0 
1 0 1 0 0 0 0 0 0 
1 0 1 0 0 0 0 0 0 
1 0 1 0 1 0 0 0 0 
1 0 1 0 1 0 0 0 0 
2 0 1 0 0 0 0 0 0 
1 0 1 0 1 0 0 0 0 
1 0 1 0 0 0 0 0 0 
1 0 1 0 0 0 0 0 0 
1 0 1 0 0 0 0 0 0 
1 0 1 0 0 0 0 1 0 
1 0 1 0 1 0 0 0 1 
2 0 1 0 1 0 0 0 0 
1 0 1 0 0 0 0 0 0 
1 0 1 0 1 0 0 0 0 
1 0 1 0 0 0 0 0 0 
1 0 0 1 0 0 0 0 0 
1 0 1 0 0 0 0 1 1 
1 0 1 0 0 1 0 0 1 
1 0 1 0 0 0 0 1 0 
1 0 1 0 0 0 0 1 0 
1 0 1 0 1 0 0 0 1 
2 0 1 0 0 0 0 1 1 
1 0 1 0 1 0 0 0 0 
1 0 1 0 0 0 1 0 0 
1 0 1 0 0 0 0 1 0 
1 0 1 0 1 0 0 0 1 
1 0 1 0 1 0 0 0 0 
1 0 1 0 0 0 0 0 0 
1 0 1 1 0 0 0 0 0 
1 0 1 0 0 1 0 0 1 
1 0 1 0 0 0 0 0 0 
1 0 1 0 0 0 0 0 0 
1 0 1 0 0 1 0 0 0 
1 0 1 0 1 0 0 0 0 
1 0 1 0 1 0 0 0 0 
1 0 1 0 1 0 0 0 0 
1 0 1 0 1 0 0 0 0 
2 0 1 0 1 0 0 0 0 
1 0 1 0 0 0 0 0 0 
1 0 1 0 0 0 0 0 0 
1 0 1 0 1 0 0 0 0 
1 0 1 0 0 1 0 0 0 
1 0 1 0 1 0 0 0 1 
1 0 1 0 0 0 0 1 0 
2 0 1 0 1 0 0 0 0 
1 0 1 0 1 0 0 0 0 
1 0 1 0 1 0 0 0 0 
1 0 1 0 1 0 0 0 0 
1 0 1 0 0 0 0 1 0 
1 0 0 0 0 0 0 1 0 
1 0 1 0 0 0 0 1 1 
1 0 1 0 1 0 0 0 0 
1 0 1 0 1 0 0 0 0 
1 0 1 0 0 0 0 0 0 
1 0 1 0 0 0 0 0 0 
1 0 1 0 0 0 0 1 0 
1 0 1 0 0 0 0 1 1 
1 0 1 0 0 1 0 0 1 
1 0 1 0 1 0 0 0 0 
1 0 1 0 1 0 0 0 0 
1 0 1 0 1 0 0 0 0 
1 0 1 0 1 0 0 0 0 
1 0 1 0 0 0 0 0 0 
1 0 1 0 0 0 0 1 1 
1 0 1 0 0 0 0 1 0 
1 0 1 0 1 0 0 0 0 
1 0 1 0 1 0 0 0 0 
1 0 1 0 0 0 0 0 0 
1 0 1 0 0 1 0 0 1 
1 0 1 0 0 0 1 0 0 
1 0 1 0 0 1 0 0 0 
1 0 1 0 0 0 0 0 0 
1 0 1 0 1 0 0 0 0 
2 0 1 0 0 0 0 1 0 
1 0 1 0 1 0 0 0 0 
1 0 1 0 1 0 0 0 0 
1 0 1 0 1 0 0 0 1 
1 0 1 0 1 0 0 0 0 
2 0 1 0 1 0 0 0 1 
1 0 1 0 1 0 0 0 0 
1 0 1 1 0 0 0 0 1 
1 0 1 0 1 0 0 0 0 
1 0 1 0 1 0 0 0 0 
1 0 1 0 1 0 0 0 1 
1 0 1 0 1 0 0 0 1 
1 0 1 0 1 0 0 0 0 
1 0 1 0 1 0 0 0 0 
1 0 1 0 1 0 0 0 0 
1 0 1 0 1 0 0 0 0 
1 0 1 0 1 0 0 0 0 
1 0 1 0 1 0 0 0 0 
1 0 1 0 0 0 0 1 0 
1 0 1 0 1 0 0 0 0 
1 0 1 0 0 0 0 0 0 
1 0 1 0 0 1 0 0 1 
1 0 1 0 0 0 0 1 1 
1 0 1 0 0 0 0 0 0 
1 0 1 0 1 0 0 0 1 
1 0 1 0 0 1 0 0 0 
2 0 1 0 1 0 0 0 0 
1 0 1 0 1 0 0 0 0 
1 0 1 0 0 0 0 1 0 
1 0 1 0 0 1 0 0 0 
1 0 0 0 0 0 1 0 0 
1 0 1 0 1 0 0 0 0 
1 0 1 0 1 0 0 0 1 
1 0 1 0 1 0 0 0 0 
1 0 1 0 0 0 0 0 1 
1 0 1 0 0 1 0 0 0 
1 0 1 0 1 0 0 0 1 
1 0 0 1 0 0 0 0 0 
1 0 1 0 1 0 0 0 0 
1 0 1 0 1 0 0 0 0 
2 0 1 0 1 0 0 0 0 
1 0 1 0 0 0 0 1 0 
1 0 1 0 1 0 0 0 0 
1 0 1 0 0 0 0 1 0 
1 0 1 0 0 1 0 0 0 
1 0 1 0 1 0 0 0 1 
1 0 1 0 0 1 0 0 1 
1 0 1 0 1 0 0 0 0 
1 0 1 0 1 0 0 0 0 
1 0 0 0 0 1 0 0 1 
1 0 1 1 0 0 0 0 0 
1 0 1 0 1 0 0 0 0 
1 0 1 0 1 0 0 0 0 
1 0 1 0 1 0 0 0 0 
1 0 0 0 1 0 0 0 1 
1 0 1 0 0 0 1 0 0 
1 0 1 0 0 0 1 0 1 
1 0 1 0 0 0 0 0 0 
1 0 1 0 0 1 0 0 0 
1 0 1 0 1 0 0 0 0 
1 0 1 0 0 0 0 1 0 
1 0 1 0 1 0 0 0 0 
1 0 1 0 0 0 0 1 1 
1 0 0 0 0 1 0 0 0 
1 0 1 0 0 0 1 0 1 
1 0 1 0 0 0 0 1 0 
1 0 1 0 1 0 0 0 1 
1 0 1 0 0 1 0 0 0 
1 0 0 0 0 0 0 0 0 
1 0 1 0 1 0 0 0 0 
1 0 1 0 0 0 0 0 0 
1 0 1 0 1 0 0 0 1 
1 0 1 0 0 0 0 0 0 
1 0 1 0 0 1 0 0 1 
1 0 1 0 0 0 0 0 0 
1 0 1 0 1 0 0 0 1 
1 0 1 0 0 0 0 0 0 
2 0 1 0 0 1 0 0 1 
1 0 1 0 1 0 0 0 0 
1 0 1 0 1 0 0 0 0 
1 0 1 0 0 0 0 0 1 
1 0 1 0 0 0 0 0 0 
1 0 1 0 0 0 0 1 0 
1 0 1 0 0 0 0 1 0 
1 0 1 0 1 0 0 0 0 
1 0 1 0 1 0 0 0 0 
1 0 1 0 1 0 0 0 0 
2 0 1 0 1 0 0 0 0 
1 0 1 0 1 0 0 0 1 
1 0 1 0 1 0 0 0 0 
1 0 1 0 0 0 0 1 0 
1 0 1 0 0 0 0 1 0 
1 0 1 0 1 0 0 0 0 
1 0 1 0 0 0 0 1 0 
1 0 1 0 0 1 0 0 0 
2 0 1 0 1 0 0 0 1 
1 0 1 0 1 0 0 0 0 
1 0 1 0 0 1 0 0 0 
1 0 1 0 0 0 0 1 0 
1 0 1 0 0 0 0 1 0 
2 0 1 0 0 1 0 0 0 
1 0 1 0 0 0 0 1 0 
1 0 1 0 1 0 0 0 0 
1 0 1 0 1 0 0 0 0 
1 0 1 0 1 0 0 0 0 
1 0 1 0 0 0 1 0 0 
1 0 0 1 0 0 0 0 0 
1 0 1 0 0 0 1 0 0 
2 0 0 0 1 0 0 0 0 
1 0 0 0 0 0 0 0 0 
1 0 1 0 1 0 0 0 0 
1 0 1 0 0 1 0 0 0 
1 0 1 0 0 1 0 0 0 
1 0 1 0 0 0 0 1 1 
1 0 1 0 1 0 0 0 0 
1 0 1 1 0 0 0 0 0 
1 0 1 0 0 0 0 0 0 
1 0 1 0 0 1 0 0 0 
1 0 1 0 1 0 0 0 0 
1 0 1 0 0 0 0 0 0 
1 0 1 0 0 0 0 0 0 
1 0 1 0 0 1 0 0 0 
1 0 1 0 0 0 0 0 0 
1 0 1 0 0 0 1 0 0 
1 0 1 0 0 1 0 0 0 
1 0 1 0 0 0 0 0 1 
1 0 1 0 0 1 0 0 0 
1 0 1 0 1 0 0 0 0 
1 0 1 0 1 0 0 0 0 
1 0 1 0 1 0 0 0 0 
4 0 1 0 0 0 0 1 0 
1 0 1 0 1 0 0 0 0 
1 0 1 0 0 0 0 0 0 
1 0 1 0 1 0 0 0 0 
1 0 1 0 1 0 0 0 1 
1 0 1 0 0 0 0 1 0 
1 0 1 0 1 0 0 0 0 
1 0 1 0 1 0 0 0 0 
1 0 1 0 1 0 0 0 0 
1 0 1 0 0 0 0 0 1 
1 0 1 0 0 0 0 0 0 
1 0 1 0 1 0 0 0 0 
1 0 1 0 0 0 0 0 0 
1 0 1 0 0 0 0 1 1 
1 0 1 0 0 0 1 0 0 
1 0 1 0 0 0 0 0 0 
1 0 1 0 0 1 0 0 1 
3 0 1 0 1 0 0 0 0 
2 0 1 0 1 0 0 0 0 
1 0 1 0 1 0 0 0 0 
1 0 1 0 0 0 0 0 0 
1 0 1 1 0 0 0 0 0 
1 0 1 0 0 1 0 0 0 
1 0 1 0 0 0 0 1 1 
1 0 1 0 0 0 0 1 0 
1 0 1 0 1 0 0 0 0 
1 0 1 0 1 0 0 0 0 
1 0 1 0 0 0 0 1 1 
1 0 1 0 1 0 0 0 0 
1 0 1 0 1 0 0 0 0 
1 0 1 0 1 0 0 0 0 
1 0 1 0 0 0 0 0 0 
1 0 1 0 1 0 0 0 0 
1 0 1 0 0 0 0 0 0 
1 0 1 0 0 1 0 0 0 
1 0 0 0 0 0 0 0 0 
1 0 1 0 1 0 0 0 0 
1 0 1 0 0 0 1 0 0 
1 0 1 0 1 0 0 0 0 
1 0 1 0 0 0 0 1 0 
1 0 1 0 0 0 0 0 0 
1 0 0 0 0 0 0 0 0 
1 0 1 0 0 0 1 0 0 
1 0 1 0 0 1 0 0 0 
1 0 1 0 0 1 0 0 0 
1 0 1 0 1 0 0 0 0 
1 0 1 1 0 0 0 0 1 
1 0 1 0 1 0 0 0 0 
1 0 1 0 0 0 0 1 0 
1 0 1 0 1 0 0 0 0 
1 0 1 0 0 0 0 1 0 
1 0 1 0 1 0 0 0 0 
1 0 1 0 1 0 0 0 0 
3 0 1 0 1 0 0 0 0 
1 1 1 0 1 0 0 0 0 
1 1 1 1 0 0 0 0 0 
1 1 1 0 0 0 0 0 0 
1 1 1 0 0 0 0 0 0 
1 1 1 0 1 0 0 0 0 
1 1 1 0 1 0 0 0 0 
1 1 1 0 1 0 0 0 0 
1 1 1 0 0 1 0 0 0 
2 1 1 0 1 0 0 0 0 
2 1 1 0 0 0 0 0 0 
2 1 1 0 1 0 0 0 0 
1 1 1 0 1 0 0 0 0 
1 1 1 0 1 0 0 0 0 
1 1 1 0 1 0 0 0 0 
1 1 1 0 1 0 0 0 0 
2 1 1 0 1 0 0 0 0 
1 1 1 0 1 0 0 0 0 
1 1 1 0 1 0 0 0 0 
1 1 1 0 1 0 0 0 0 
1 0 1 0 0 1 0 0 1 
1 1 1 0 1 0 0 0 0 
1 1 1 0 0 0 0 1 1 
1 1 1 0 1 0 0 0 0 
1 1 1 0 1 0 0 0 1 
1 1 1 0 1 0 0 0 1 
1 1 1 0 1 0 0 0 1 
1 1 0 0 1 0 0 0 0 
1 1 1 0 0 0 0 0 0 
1 0 1 0 1 0 0 0 0 
1 1 1 0 0 0 0 0 0 
1 1 1 0 1 0 0 0 1 
1 1 1 0 0 0 0 0 0 
1 1 1 0 0 0 0 0 0 
1 0 1 0 0 1 0 0 0 
1 0 1 0 0 1 0 0 0 
1 0 1 0 0 1 0 0 0 
1 1 1 0 1 0 0 0 0 
1 1 1 0 1 0 0 0 0 
1 1 1 0 0 0 0 0 0 
1 0 1 0 0 0 0 1 0 
1 1 1 0 0 1 0 0 0 
1 1 1 0 1 0 0 0 0 
1 1 1 0 1 0 0 0 1 
1 1 1 0 1 0 0 0 0 
1 1 1 0 1 0 0 0 0 
1 1 1 0 0 0 0 1 1 
1 1 1 0 0 0 0 1 0 
1 1 1 0 0 0 0 1 0 
1 0 1 0 0 1 0 0 0 
1 1 1 0 1 0 0 0 0 
1 1 1 0 0 0 0 1 0 
1 0 1 0 1 0 0 0 0 
1 1 1 0 1 0 0 0 0 
1 1 1 0 1 0 0 0 0 
2 1 1 0 1 0 0 0 0 
1 1 1 0 1 0 0 0 0 
1 1 1 0 0 1 0 0 0 
1 1 1 0 1 0 0 0 0 
1 1 1 0 1 0 0 0 0 
1 1 0 0 1 0 0 0 0 
1 1 1 0 1 0 0 0 0 
1 1 1 0 0 1 0 0 0 
1 0 1 0 0 1 0 0 0 
1 1 1 0 1 0 0 0 1 
1 1 1 0 1 0 0 0 0 
1 1 1 0 1 0 0 0 0 
1 1 1 0 1 0 0 0 0 
1 1 1 0 1 0 0 0 0 
1 1 1 0 1 0 0 0 0 
1 1 1 1 0 0 0 0 0 
1 1 1 0 1 0 0 0 0 
1 1 1 0 0 0 0 0 0 
1 1 1 0 1 0 0 0 0 
1 1 1 0 1 0 0 0 0 
1 1 1 0 0 1 0 0 0 
1 1 1 0 1 0 0 0 0 
1 1 1 0 0 0 1 0 0 
2 1 1 0 1 0 0 0 1 
1 1 1 0 1 0 0 0 0 
1 1 1 0 1 0 0 0 0 
1 1 1 0 0 0 0 1 1 
1 1 1 0 1 0 0 0 0 
2 1 1 0 1 0 0 0 0 
2 1 1 0 1 0 0 0 0 
1 0 1 0 0 0 1 0 0 
2 1 1 0 1 0 0 0 1 
2 1 1 0 1 0 0 0 0 
2 1 1 0 1 0 0 0 0 
1 1 1 0 0 0 0 0 0 
2 1 1 0 1 0 0 0 0 
2 1 1 0 1 0 0 0 0 
1 1 1 0 1 0 0 0 0 
1 1 1 0 1 0 0 0 1 
2 1 1 0 1 0 0 0 1 
1 1 1 0 0 0 0 0 0 
2 1 1 0 1 0 0 0 0 
3 1 1 0 1 0 0 0 0 
1 0 1 1 0 0 0 0 0 
2 1 1 0 1 0 0 0 0 
2 1 1 1 0 0 0 0 0 
1 1 1 0 0 0 0 1 0 
1 1 1 0 1 0 0 0 1 
2 1 1 0 1 0 0 0 0 
2 1 1 0 1 0 0 0 0 
1 1 1 0 1 0 0 0 0 
1 1 1 0 0 0 0 0 0 
2 1 1 0 1 0 0 0 1 
1 1 1 0 0 0 0 0 0 
1 1 1 0 0 1 0 0 0 
1 1 1 0 1 0 0 0 0 
1 1 1 0 0 1 0 0 0 
1 1 1 0 1 0 0 0 0 
1 1 1 0 1 0 0 0 0 
2 1 1 0 1 0 0 0 0 
1 1 1 0 1 0 0 0 0 
1 1 1 0 1 0 0 0 0 
1 0 1 0 0 0 1 0 0 
1 1 1 0 0 0 0 0 0 
2 1 1 0 1 0 0 0 0 
1 1 1 0 1 0 0 0 0 
1 1 1 0 0 0 0 1 0 
1 1 1 0 1 0 0 0 0 
1 1 1 0 1 0 0 0 0 
2 1 1 0 1 0 0 0 0 
1 1 1 0 1 0 0 0 0 
3 1 1 0 1 0 0 0 0 
1 1 1 0 1 0 0 0 0 
1 1 1 0 1 0 0 0 0 
2 1 1 0 1 0 0 0 0 
4 1 1 0 0 0 0 0 1 
4 1 1 0 1 0 0 0 0 
1 1 1 0 0 0 0 0 0 
1 1 0 0 0 1 0 0 0 
1 1 1 1 0 0 0 0 0 
1 1 1 0 1 0 0 0 0 
1 1 1 0 1 0 0 0 0 
1 1 1 0 1 0 0 0 0 
1 1 1 0 1 0 0 0 0 
2 1 1 0 1 0 0 0 0 
1 1 1 0 1 0 0 0 0 
1 1 1 0 1 0 0 0 0 
1 1 1 0 0 0 0 0 0 
1 1 1 0 0 0 0 0 1 
1 1 1 0 1 0 0 0 0 
1 1 1 0 0 1 0 0 0 
1 1 1 0 1 0 0 0 0 
1 1 1 0 1 0 0 0 0 
1 1 1 0 1 0 0 0 0 
2 1 1 0 1 0 0 0 0 
1 1 1 0 0 0 1 0 0 
1 0 1 1 0 0 0 0 0 
1 1 1 0 1 0 0 0 0 
1 1 1 1 0 0 0 0 0 
1 1 1 0 1 0 0 0 1 
1 1 1 0 0 0 0 1 0 
1 1 1 0 0 0 0 1 0 
1 0 0 0 0 0 0 0 0 
1 0 0 0 0 0 0 0 0 
1 1 1 0 1 0 0 0 0 
1 1 1 0 1 0 0 0 1 
3 0 1 0 0 0 0 0 0 
1 1 1 0 1 0 0 0 0 
1 1 0 0 1 0 0 0 0 
1 1 1 0 1 0 0 0 0 
2 1 1 0 1 0 0 0 1 
1 1 1 0 1 0 0 0 0 
1 1 1 0 0 0 0 1 0 
2 1 1 0 1 0 0 0 0 
2 1 1 0 1 0 0 0 0 
1 1 1 0 1 0 0 0 0 
1 1 1 0 1 0 0 0 0 
1 1 1 0 0 0 0 0 1 
1 1 1 0 1 0 0 0 1 
1 1 1 0 0 0 0 1 0 
1 1 1 0 1 0 0 0 0 
1 1 1 0 0 0 0 0 0 
2 1 1 0 1 0 0 0 0 
1 1 1 0 1 0 0 0 0 
1 1 1 0 0 0 0 1 0 
1 0 0 0 0 0 1 0 0 
1 1 0 0 0 0 0 0 0 
1 1 1 1 0 0 0 0 0 
1 1 1 0 1 0 0 0 0 
2 1 1 0 1 0 0 0 0 
1 1 1 0 1 0 0 0 0 
1 0 1 0 0 0 0 1 0 
1 1 1 0 0 1 0 0 0 
1 1 1 0 0 0 0 1 0 
1 1 1 0 1 0 0 0 1 
1 1 1 0 0 1 0 0 0 
1 1 1 0 1 0 0 0 1 
1 0 1 0 0 0 0 0 0 
1 1 1 0 1 0 0 0 0 
1 1 1 0 1 0 0 0 0 
1 1 1 0 1 0 0 0 0 
1 1 1 0 1 0 0 0 0 
1 1 1 0 1 0 0 0 0 
1 1 1 0 1 0 0 0 0 
2 1 1 0 1 0 0 0 0 
1 0 1 0 0 0 0 1 0 
2 1 1 0 1 0 0 0 0 
1 1 1 0 1 0 0 0 0 
1 1 1 0 1 0 0 0 0 
1 0 1 1 0 0 0 0 0 
1 1 1 0 1 0 0 0 0 
1 1 1 0 1 0 0 0 0 
2 1 1 0 1 0 0 0 0 
2 1 1 0 1 0 0 0 0 
2 1 1 0 1 0 0 0 0 
1 1 1 0 0 1 0 0 0 
1 1 1 0 0 1 0 0 0 
3 1 1 0 1 0 0 0 0 
1 1 1 0 0 1 0 0 0 
1 1 0 1 0 0 0 0 0 
1 1 0 1 0 0 0 0 0 
1 1 1 0 1 0 0 0 0 
1 1 1 0 1 0 0 0 0 
3 1 1 0 1 0 0 0 0 
1 1 1 0 0 0 0 1 0 
1 1 1 0 1 0 0 0 0 
2 1 1 0 1 0 0 0 0 
3 1 1 0 0 0 0 0 0 
2 1 1 0 1 0 0 0 0 
1 1 1 0 1 0 0 0 0 
1 1 1 0 1 0 0 0 0 
4 1 1 0 1 0 0 0 0 
1 1 1 0 0 1 0 0 0 
1 1 1 0 1 0 0 0 0 
2 1 1 0 1 0 0 0 0 
3 1 1 0 1 0 0 0 0 
1 1 0 0 0 1 0 0 0 
1 1 1 0 0 1 0 0 0 
1 1 1 0 0 1 0 0 1 
1 1 1 0 0 0 1 0 0 
1 1 1 0 1 0 0 0 0 
1 1 1 0 1 0 0 0 0 
2 1 1 0 1 0 0 0 0 
1 0 1 0 0 0 1 0 0 
1 1 1 0 0 0 0 1 0 
1 1 1 0 1 0 0 0 0 
1 1 1 0 0 0 0 1 0 
1 1 1 0 0 0 0 1 0 
1 1 1 0 0 0 0 1 0 
1 1 1 0 0 0 0 1 0 
1 1 1 0 0 0 0 1 0 
1 1 1 0 0 0 0 1 0 
1 1 1 0 0 0 0 1 0 
1 1 1 0 0 0 0 1 0 
1 1 1 0 1 0 0 0 1 
1 1 1 0 1 0 0 0 0 
1 1 1 0 1 0 0 0 0 
1 1 1 0 1 0 0 0 0 
1 0 1 0 0 0 0 0 0 
1 1 1 0 1 0 0 0 0 
1 1 1 0 1 0 0 0 0 
1 1 1 0 1 0 0 0 0 
1 1 1 0 1 0 0 0 0 
1 1 1 0 1 0 0 0 0 
1 0 1 0 0 0 1 0 0 
4 1 1 0 1 0 0 0 0 
1 1 1 1 0 0 0 0 0 
1 1 1 0 1 0 0 0 0 
1 1 1 0 1 0 0 0 0 
1 1 1 0 1 0 0 0 0 
1 1 1 1 0 0 0 0 0 
1 1 1 1 0 0 0 0 0 
1 1 1 0 0 1 0 0 0 
1 1 0 0 1 0 0 0 0 
1 1 1 0 1 0 0 0 0 
1 1 1 0 1 0 0 0 0 
2 1 1 0 1 0 0 0 0 
1 1 1 0 0 1 0 0 0 
2 1 1 0 1 0 0 0 0 
2 1 1 0 1 0 0 0 0 
1 1 1 0 0 0 0 0 0 
1 1 1 0 1 0 0 0 0 
2 1 1 0 1 0 0 0 0 
1 1 1 0 0 0 0 1 0 
1 1 1 0 0 0 0 1 0 
1 1 1 0 0 0 0 1 0 
1 1 1 0 1 0 0 0 0 
1 1 1 0 1 0 0 0 0 
2 1 1 0 1 0 0 0 0 
2 1 0 0 1 0 0 0 0 
1 1 1 0 0 0 0 1 0 
1 1 1 0 1 0 0 0 0 
1 1 1 0 0 0 0 1 0 
2 1 1 0 1 0 0 0 1 
1 1 1 0 0 0 0 0 0 
2 1 1 0 1 0 0 0 0 
1 1 1 0 0 0 0 0 0 
1 1 1 0 0 0 0 0 0 
1 1 1 0 1 0 0 0 0 
1 1 1 0 1 0 0 0 0 
1 1 1 0 1 0 0 0 1 
1 1 1 0 0 1 0 0 0 
1 1 1 0 0 1 0 0 0 
1 1 1 0 0 1 0 0 0 
1 1 1 0 0 0 0 0 0 
2 0 1 0 0 1 0 0 0 
1 1 1 0 0 0 0 1 0 
1 1 1 0 1 0 0 0 0 
1 1 1 0 1 0 0 0 0 
1 1 1 0 0 1 0 0 0 
1 1 1 0 0 1 0 0 0 
1 1 1 0 0 0 0 1 0 
1 1 1 0 1 0 0 0 0 
1 1 1 0 1 0 0 0 0 
1 1 1 0 1 0 0 0 0 
1 1 1 0 0 0 0 1 0 
4 1 1 0 1 0 0 0 0 
2 1 1 0 1 0 0 0 0 
1 1 1 0 1 0 0 0 0 
1 1 1 0 0 1 0 0 0 
1 1 1 0 1 0 0 0 0 
1 1 1 0 0 0 0 1 0 
1 1 1 0 0 0 0 1 0 
1 1 1 0 0 0 0 1 0 
1 0 1 0 0 1 0 0 1 
1 1 1 0 1 0 0 0 0 
2 1 1 0 1 0 0 0 0 
1 1 1 0 0 1 0 0 0 
2 1 1 0 1 0 0 0 0 
1 1 1 0 0 0 0 1 0 
1 1 1 0 1 0 0 0 0 
1 1 1 0 1 0 0 0 0 
1 1 1 0 0 1 0 0 0 
1 1 1 0 1 0 0 0 0 
1 1 1 0 0 0 0 1 0 
1 1 1 0 0 0 0 1 0 
1 1 1 0 0 0 0 1 0 
1 1 1 0 0 0 0 1 0 
1 1 1 0 1 0 0 0 0 
1 1 1 0 0 1 0 0 0 
1 1 1 0 1 0 0 0 0 
1 1 0 0 0 0 0 0 0 
1 1 1 0 0 0 0 0 0 
2 1 1 0 1 0 0 0 0 
2 1 1 0 0 0 0 0 1 
1 1 1 0 1 0 0 0 0 
1 1 1 0 1 0 0 0 0 
3 1 1 0 1 0 0 0 0 
1 1 1 0 1 0 0 0 0 
1 1 1 0 1 0 0 0 0 
1 1 1 0 1 0 0 0 0 
2 1 1 0 0 0 0 0 1 
1 1 1 0 1 0 0 0 0 
2 1 1 0 1 0 0 0 1 
1 1 1 0 1 0 0 0 0 
3 1 1 0 1 0 0 0 0 
3 1 1 0 1 0 0 0 0 
1 1 1 0 1 0 0 0 0 
1 1 1 1 0 0 0 0 0 
1 1 1 0 1 0 0 0 0 
1 1 1 0 0 0 0 0 0 
1 1 1 0 1 0 0 0 0 
1 1 1 0 0 0 0 1 0 
1 1 1 0 0 0 0 1 0 
1 0 1 0 0 0 0 1 0 
1 1 1 0 1 0 0 0 0 
1 1 1 0 1 0 0 0 1 
1 1 1 0 0 0 0 1 0 
2 1 1 0 1 0 0 0 0 
1 1 1 0 1 0 0 0 0 
1 1 1 0 1 0 0 0 0 
1 1 1 0 0 0 0 1 0 
1 1 1 0 1 0 0 0 0 
2 1 1 0 0 1 0 0 0 
1 1 1 0 0 1 0 0 0 
2 1 1 0 1 0 0 0 0 
1 1 1 0 1 0 0 0 1 
1 1 1 0 1 0 0 0 0 
1 1 1 0 1 0 0 0 0 
4 1 1 0 1 0 0 0 0 
1 1 1 0 0 0 0 0 0 
1 1 1 0 0 1 0 0 1 
1 1 1 0 1 0 0 0 1 
2 1 1 0 1 0 0 0 0 
1 1 1 0 1 0 0 0 0 
1 1 1 0 1 0 0 0 0 
1 1 1 0 1 0 0 0 0 
1 1 1 0 1 0 0 0 0 
2 1 1 0 1 0 0 0 1 
1 0 1 0 0 0 1 0 0 
2 1 1 0 1 0 0 0 0 
1 1 1 0 1 0 0 0 0 
2 1 1 0 1 0 0 0 0 
2 1 1 0 1 0 0 0 1 
1 1 1 0 0 0 0 1 0 
1 1 1 0 0 0 0 1 0 
1 1 1 0 0 1 0 0 0 
1 1 1 0 0 0 0 0 1 
1 1 1 0 1 0 0 0 1 
1 1 1 0 1 0 0 0 1 
3 1 1 0 1 0 0 0 0 
1 1 1 0 1 0 0 0 0 
1 1 1 0 0 1 0 0 1 
1 1 1 0 1 0 0 0 0 
1 1 1 0 1 0 0 0 1 
1 1 1 0 1 0 0 0 1 
2 1 1 0 1 0 0 0 1 
2 1 1 0 1 0 0 0 0 
1 1 1 0 1 0 0 0 0 
1 1 1 0 0 1 0 0 0 
1 1 1 0 0 0 0 0 0 
1 1 1 0 1 0 0 0 0 
1 1 1 0 1 0 0 0 0 
1 1 1 0 0 1 0 0 0 
1 1 1 0 0 0 0 0 0 
1 1 1 0 0 0 0 1 0 
1 0 1 0 0 1 0 0 0 
2 1 1 0 0 0 0 0 0 
1 1 1 0 1 0 0 0 0 
1 1 1 0 1 0 0 0 0 
1 1 1 0 0 0 0 1 0 
1 0 1 0 0 0 0 0 1 
1 1 1 0 1 0 0 0 0 
1 1 1 0 1 0 0 0 0 
1 1 1 0 1 0 0 0 0 
2 1 1 0 1 0 0 0 0 
1 1 1 0 1 0 0 0 0 
1 1 1 0 1 0 0 0 1 
1 1 1 0 1 0 0 0 0 
1 1 1 0 1 0 0 0 0 
1 1 1 0 1 0 0 0 0 
2 1 1 0 0 1 0 0 0 
2 1 1 0 1 0 0 0 0 
1 1 1 0 1 0 0 0 0 
1 1 1 0 1 0 0 0 0 
3 1 1 0 1 0 0 0 0 
1 1 1 0 1 0 0 0 1 
1 1 1 0 0 1 0 0 0 
1 1 1 0 1 0 0 0 1 
1 1 1 0 1 0 0 0 0 
1 0 1 0 1 0 0 0 0 
1 1 1 0 1 0 0 0 0 
2 1 1 0 1 0 0 0 0 
1 1 1 0 0 0 0 1 0 
1 1 1 0 1 0 0 0 0 
1 1 1 0 1 0 0 0 0 
1 0 1 0 1 0 0 0 0 
1 1 1 0 1 0 0 0 0 
1 1 1 0 1 0 0 0 0 
1 1 1 0 1 0 0 0 0 
1 1 1 0 1 0 0 0 0 
1 1 1 0 0 0 0 1 0 
1 1 1 0 1 0 0 0 0 
1 1 1 0 1 0 0 0 0 
1 1 1 0 1 0 0 0 0 
1 1 1 0 1 0 0 0 0 
1 1 1 0 0 0 0 1 0 
1 1 1 0 1 0 0 0 0 
1 1 1 0 1 0 0 0 0 
1 1 1 0 1 0 0 0 0 
1 1 1 0 1 0 0 0 0 
1 1 1 0 1 0 0 0 0 
1 1 1 0 1 0 0 0 0 
1 1 1 0 1 0 0 0 0 
1 1 1 0 1 0 0 0 0 
1 1 1 0 0 0 0 1 0 
1 1 1 0 0 0 0 0 0 
1 1 1 0 1 0 0 0 0 
1 1 1 0 1 0 0 0 0 
1 1 1 0 1 0 0 0 0 
1 1 1 0 1 0 0 0 1 
1 1 1 0 1 0 0 0 0 
1 1 1 0 1 0 0 0 1 
1 1 1 0 1 0 0 0 0 
2 1 1 0 1 0 0 0 0 
1 1 1 0 1 0 0 0 0 
1 1 1 0 0 0 0 0 0 
1 1 1 0 1 0 0 0 0 
1 1 1 0 1 0 0 0 0 
1 1 1 0 1 0 0 0 0 
1 1 1 0 1 0 0 0 0 
1 1 1 0 1 0 0 0 0 
1 1 1 0 1 0 0 0 0 
1 1 1 0 1 0 0 0 0 
1 1 1 0 0 1 0 0 0 
1 1 1 0 1 0 0 0 0 
1 1 1 0 1 0 0 0 0 
1 1 1 0 1 0 0 0 0 
1 1 1 0 1 0 0 0 0 
1 1 1 0 0 0 0 0 0 
1 1 1 0 1 0 0 0 0 
1 1 1 0 1 0 0 0 0 
1 1 0 0 0 0 0 1 0 
1 1 1 0 1 0 0 0 1 
1 1 1 0 1 0 0 0 0 
1 0 1 0 0 0 1 0 0 
1 1 1 0 1 0 0 0 0 
1 1 1 0 1 0 0 0 0 
1 1 1 0 0 0 0 1 0 
1 1 1 0 1 0 0 0 0 
1 1 0 0 1 0 0 0 0 
1 1 1 0 1 0 0 0 0 
1 1 1 0 1 0 0 0 0 
1 1 1 0 1 0 0 0 0 
1 1 1 0 1 0 0 0 1 
1 1 1 0 1 0 0 0 1 
1 1 0 0 0 0 0 1 0 
1 1 1 0 1 0 0 0 0 
1 1 1 0 1 0 0 0 0 
2 1 1 0 1 0 0 0 0 
1 1 1 0 1 0 0 0 0 
2 1 1 0 1 0 0 0 0 
1 1 0 0 1 0 0 0 1 
1 0 1 0 1 0 0 0 0 
1 1 1 0 0 1 0 0 0 
1 1 1 0 1 0 0 0 0 
1 1 1 0 1 0 0 0 1 
1 1 1 0 1 0 0 0 1 
1 1 1 0 1 0 0 0 0 
1 1 1 0 1 0 0 0 0 
1 1 1 0 1 0 0 0 0 
1 1 1 0 1 0 0 0 0 
1 0 1 0 0 1 0 0 0 
1 1 1 0 1 0 0 0 0 
1 1 1 0 1 0 0 0 0 
1 1 1 0 1 0 0 0 0 
1 1 1 0 1 0 0 0 0 
2 1 1 0 1 0 0 0 0 
1 1 1 0 1 0 0 0 0 
1 1 1 0 1 0 0 0 0 
1 1 1 0 1 0 0 0 0 
1 1 1 0 1 0 0 0 0 
1 1 1 0 1 0 0 0 0 
1 1 0 0 0 0 0 0 0 
1 1 1 0 1 0 0 0 0 
1 1 1 0 0 0 0 1 0 
1 1 1 0 1 0 0 0 1 
1 0 1 0 0 0 0 0 0 
2 1 0 0 1 0 0 0 0 
2 1 1 0 1 0 0 0 0 
1 1 1 0 1 0 0 0 0 
1 1 1 0 1 0 0 0 0 
1 1 1 0 1 0 0 0 0 
1 1 1 0 1 0 0 0 0 
1 1 1 0 1 0 0 0 0 
1 1 1 0 1 0 0 0 0 
1 1 1 0 1 0 0 0 0 
1 1 1 0 1 0 0 0 0 
1 1 1 0 0 1 0 0 0 
1 1 1 0 0 1 0 0 0 
1 1 1 0 0 1 0 0 1 
1 1 1 0 1 0 0 0 0 
1 1 1 0 0 0 0 1 0 
1 1 1 0 0 0 0 1 0 
1 1 1 0 0 0 0 1 0 
1 0 1 0 0 1 0 0 0 
1 1 1 0 1 0 0 0 1 
2 1 1 0 1 0 0 0 0 
1 1 1 0 1 0 0 0 0 
1 1 1 0 1 0 0 0 0 
1 1 1 0 1 0 0 0 0 
1 1 1 0 1 0 0 0 0 
1 1 1 0 1 0 0 0 0 
1 1 1 0 0 0 0 0 0 
1 1 1 0 1 0 0 0 0 
1 1 1 0 1 0 0 0 0 
1 1 1 0 0 0 0 0 0 
1 1 0 0 0 0 0 1 0 
1 1 1 0 0 0 0 0 0 
3 1 1 0 1 0 0 0 0 
1 1 1 0 1 0 0 0 0 
1 1 1 0 1 0 0 0 0 
1 1 1 0 1 0 0 0 0 
1 1 1 0 1 0 0 0 0 
1 1 1 0 1 0 0 0 0 
1 1 1 0 1 0 0 0 1 
1 1 1 0 1 0 0 0 0 
1 1 1 0 1 0 0 0 0 
1 1 1 0 1 0 0 0 0 
1 1 1 0 0 1 0 0 0 
1 1 1 0 1 0 0 0 0 
1 1 1 0 1 0 0 0 0 
1 1 1 0 1 0 0 0 0 
2 1 1 0 1 0 0 0 1 
1 1 1 0 1 0 0 0 0 
1 1 1 0 1 0 0 0 1 
1 1 1 0 1 0 0 0 0 
1 0 1 0 0 1 0 0 0 
1 1 1 0 0 1 0 0 0 
1 1 1 0 1 0 0 0 0 
1 1 1 0 0 0 0 1 0 
1 1 1 0 0 0 0 1 0 
1 1 1 0 1 0 0 0 0 
3 1 1 0 1 0 0 0 1 
1 1 1 0 1 0 0 0 0 
1 1 1 0 1 0 0 0 0 
1 1 1 0 0 1 0 0 1 
1 1 1 1 0 0 0 0 1 
1 1 1 0 1 0 0 0 0 
1 1 1 0 1 0 0 0 0 
1 1 1 0 1 0 0 0 0 
1 0 1 0 0 1 0 0 0 
1 0 1 0 0 1 0 0 0 
1 1 1 0 1 0 0 0 0 
1 1 1 0 1 0 0 0 0 
1 1 1 0 1 0 0 0 0 
1 1 1 0 1 0 0 0 0 
1 0 1 0 0 0 0 0 0 
1 1 1 0 0 0 0 1 0 
1 1 1 0 1 0 0 0 0 
2 1 1 0 0 0 0 0 0 
1 0 1 0 1 0 0 0 0 
1 1 1 0 1 0 0 0 1 
1 1 1 0 0 0 0 0 0 
1 1 1 0 1 0 0 0 0 
1 1 1 0 1 0 0 0 0 
1 1 1 0 1 0 0 0 0 
1 1 1 0 1 0 0 0 0 
1 1 1 0 0 0 0 0 0 
1 1 1 0 1 0 0 0 0 
1 1 1 0 0 1 0 0 0 
1 1 1 0 1 0 0 0 0 
1 1 1 0 1 0 0 0 0 
1 1 1 0 1 0 0 0 0 
1 1 1 0 1 0 0 0 0 
1 1 1 0 1 0 0 0 0 
1 1 1 0 1 0 0 0 0 
1 1 1 0 1 0 0 0 0 
1 0 0 1 0 0 0 0 0 
1 1 1 0 1 0 0 0 0 
1 0 1 0 1 0 0 0 0 
1 1 1 0 1 0 0 0 0 
1 1 1 0 0 0 0 0 0 
1 1 1 1 0 0 0 0 0 
1 1 1 0 0 0 0 1 0 
1 1 0 0 0 0 1 0 0 
1 1 1 1 0 0 0 0 0 
1 1 1 0 0 1 0 0 1 
1 1 1 0 0 0 1 0 0 
1 1 1 0 0 0 0 1 0 
1 0 1 0 0 0 0 1 0 
1 1 1 0 0 0 0 1 0 
1 1 0 0 1 0 0 0 0 
1 1 1 0 0 0 0 1 0 
1 0 1 0 0 0 0 1 0 
1 0 1 0 1 0 0 0 0 
1 1 1 0 1 0 0 0 0 
1 1 1 1 0 0 0 0 0 
1 1 1 1 0 0 0 0 0 
1 1 1 0 1 0 0 0 0 
1 1 1 0 1 0 0 0 0 
1 1 1 0 0 0 0 1 0 
1 1 1 0 0 0 0 1 0 
1 1 1 0 1 0 0 0 0 
2 1 1 0 0 0 0 1 0 
1 1 1 0 0 0 0 1 0 
1 1 1 0 0 0 0 1 0 
1 0 1 0 0 0 0 0 0 
1 0 1 1 0 0 0 0 0 
1 1 1 0 0 1 0 0 0 
1 1 1 0 0 1 0 0 0 
1 0 1 0 1 0 0 0 0 
1 1 0 0 1 0 0 0 1 
1 1 1 0 1 0 0 0 0 
1 1 1 0 0 0 0 1 0 
1 1 1 0 1 0 0 0 0 
1 1 0 1 0 0 0 0 0 
1 1 1 0 1 0 0 0 0 
1 1 0 0 0 0 0 0 1 
1 0 1 0 1 0 0 0 0 
1 1 1 0 1 0 0 0 0 
1 1 1 0 1 0 0 0 0 
1 1 1 0 1 0 0 0 1 
1 1 0 0 1 0 0 0 0 
1 1 1 0 1 0 0 0 1 
1 1 1 0 0 1 0 0 1 
1 1 1 0 0 1 0 0 1 
1 1 1 0 0 1 0 0 0 
1 1 1 0 0 1 0 0 1 
1 1 1 0 0 1 0 0 1 
1 1 0 0 0 1 0 0 0 
1 1 1 0 1 0 0 0 0 
1 1 0 0 0 0 0 0 0 
1 1 1 0 0 0 0 0 0 
2 1 1 0 0 0 0 1 0 
1 1 1 0 0 0 0 1 0 
1 1 1 1 0 0 0 0 0 
1 1 1 0 1 0 0 0 1 
1 1 1 0 0 0 0 1 0 
1 1 1 0 1 0 0 0 0 
1 1 1 1 0 0 0 0 0 
2 1 1 0 1 0 0 0 1 
1 1 1 0 0 1 0 0 0 
1 1 1 1 0 0 0 0 0 
1 1 1 0 0 0 1 0 1 
1 1 1 0 1 0 0 0 1 
1 1 0 0 1 0 0 0 0 
1 1 1 0 0 1 0 0 1 
1 0 1 0 1 0 0 0 0 
1 1 1 0 1 0 0 0 0 
1 1 1 0 0 0 0 1 1 
1 1 1 0 0 0 0 1 0 
1 1 1 0 1 0 0 0 0 
1 1 1 0 0 1 0 0 0 
1 1 1 0 0 1 0 0 0 
1 1 0 0 1 0 0 0 0 
1 1 1 0 0 1 0 0 0 
1 1 0 0 1 0 0 0 0 
1 1 1 0 1 0 0 0 0 
1 0 1 0 0 0 0 1 1 
1 1 1 0 1 0 0 0 0 
1 1 1 0 0 0 0 1 0 
1 0 1 0 0 1 0 0 0 
1 0 1 0 0 1 0 0 0 
1 1 1 0 1 0 0 0 0 
1 1 1 0 0 0 0 0 0 
1 1 1 0 1 0 0 0 1 
1 1 1 0 1 0 0 0 0 
1 1 1 1 0 0 0 0 0 
1 1 1 1 0 0 0 0 0 
1 1 0 0 1 0 0 0 0 
1 1 1 0 0 0 0 1 0 
1 1 1 0 1 0 0 0 1 
1 1 1 0 0 0 0 0 0 
1 1 1 0 0 0 0 0 0 
1 1 1 0 0 0 0 0 0 
1 1 1 0 1 0 0 0 1 
1 1 1 0 0 0 0 1 0 
1 1 1 0 0 1 0 0 0 
1 0 1 0 0 1 0 0 0 
1 1 0 0 0 1 0 0 0 
1 1 0 0 0 0 0 0 0 
1 0 1 0 0 0 0 1 0 
2 1 1 0 1 0 0 0 1 
1 1 1 0 1 0 0 0 0 
1 1 1 0 1 0 0 0 1 
1 1 1 0 1 0 0 0 0 
1 0 1 0 0 0 0 0 0 
1 1 1 0 0 0 0 1 0 
1 1 1 0 0 0 0 1 0 
1 1 1 0 0 1 0 0 0 
1 1 1 0 1 0 0 0 1 
1 1 1 0 1 0 0 0 0 
1 1 1 0 0 0 0 1 0 
1 1 1 0 0 0 0 1 0 
1 1 1 0 0 0 0 1 0 
1 1 1 1 0 0 0 0 0 
1 1 0 0 1 0 0 0 0 
1 1 1 0 0 0 0 1 0 
1 1 0 0 0 0 1 0 0 
1 1 1 0 0 0 0 1 0 
1 1 1 0 0 0 0 1 0 
1 1 0 0 1 0 0 0 0 
1 1 1 0 0 1 0 0 0 
1 0 1 0 0 0 0 1 0 
1 1 1 0 1 0 0 0 1 
1 1 1 0 1 0 0 0 1 
1 1 1 0 0 1 0 0 0 
1 1 1 0 1 0 0 0 1 
1 1 1 0 1 0 0 0 0 
1 1 1 0 1 0 0 0 0 
1 1 1 0 1 0 0 0 0 
1 1 1 0 0 0 0 1 0 
1 0 1 0 0 0 0 0 0 
1 1 1 0 1 0 0 0 0 
1 1 0 1 0 0 0 0 0 
1 1 1 0 0 0 0 1 0 
1 1 0 0 1 0 0 0 0 
1 1 1 0 0 0 0 1 0 
1 1 1 0 0 0 0 1 1 
1 1 1 0 0 0 0 1 0 
1 1 1 0 0 1 0 0 0 
1 1 1 0 1 0 0 0 1 
1 0 1 0 0 0 0 1 0 
1 1 1 0 1 0 0 0 0 
1 1 1 1 0 0 0 0 0 
1 1 1 1 0 0 0 0 0 
1 1 1 0 0 1 0 0 0 
1 1 1 0 1 0 0 0 0 
1 0 1 0 0 1 0 0 0 
1 1 1 0 1 0 0 0 0 
1 1 1 0 1 0 0 0 0 
1 1 1 0 0 0 1 0 0 
2 1 1 0 1 0 0 0 0 
2 1 1 0 1 0 0 0 0 
1 1 1 0 1 0 0 0 0 
1 1 1 0 0 0 0 1 0 
2 1 0 0 1 0 0 0 0 
1 1 1 0 0 0 0 0 1 
1 1 1 0 0 0 0 1 0 
1 1 1 0 0 0 0 1 0 
1 1 1 0 1 0 0 0 0 
1 1 1 0 1 0 0 0 0 
1 0 1 0 0 0 0 1 0 
1 1 1 0 1 0 0 0 1 
1 1 1 0 1 0 0 0 0 
1 1 1 0 0 0 0 1 0 
1 1 1 0 0 0 0 1 0 
1 1 1 0 1 0 0 0 0 
1 1 1 0 1 0 0 0 0 
1 1 1 0 1 0 0 0 0 
1 1 1 0 1 0 0 0 1 
1 1 1 0 1 0 0 0 0 
2 1 1 0 1 0 0 0 0 
1 1 1 0 1 0 0 0 0 
1 1 1 0 1 0 0 0 0 
1 1 1 0 1 0 0 0 0 
1 1 1 0 0 0 0 1 0 
1 1 1 0 0 1 0 0 0 
1 1 0 0 0 0 0 1 0 
1 1 0 0 0 0 0 1 0 
1 1 1 0 1 0 0 0 0 
3 1 1 0 1 0 0 0 0 
1 1 1 0 0 0 0 1 0 
1 1 1 0 0 1 0 0 1 
2 1 1 0 1 0 0 0 0 
1 1 1 0 1 0 0 0 0 
1 1 1 1 0 0 0 0 0 
1 1 1 1 0 0 0 0 0 
1 1 1 0 0 0 0 1 0 
4 1 1 0 1 0 0 0 0 
1 1 1 1 0 0 0 0 0 
1 1 1 0 0 0 0 1 0 
1 1 1 0 0 0 0 1 0 
1 1 1 0 0 0 0 1 1 
1 1 1 0 0 0 0 1 0 
1 1 1 0 0 1 0 0 0 
1 1 1 0 1 0 0 0 0 
1 1 1 0 0 1 0 0 0 
1 1 1 0 0 1 0 0 0 
1 1 1 0 0 1 0 0 0 
1 1 1 0 0 1 0 0 0 
1 1 1 0 0 1 0 0 0 
1 1 1 0 0 1 0 0 0 
1 0 1 0 0 0 0 1 0 
1 1 1 0 0 1 0 0 0 
1 1 1 0 0 1 0 0 0 
1 1 1 0 0 0 0 1 0 
1 1 1 0 1 0 0 0 0 
1 1 1 0 0 0 0 0 0 
1 1 1 0 0 1 0 0 0 
2 1 1 0 0 1 0 0 1 
1 1 1 0 0 0 0 1 0 
1 1 1 0 0 0 0 1 1 
2 1 1 0 0 0 0 0 0 
1 1 0 0 0 0 0 0 0 
1 1 1 0 1 0 0 0 0 
1 1 0 0 1 0 0 0 0 
1 1 0 0 1 0 0 0 0 
1 1 1 0 0 0 0 1 0 
1 1 1 0 1 0 0 0 0 
1 1 1 0 1 0 0 0 0 
1 1 1 0 1 0 0 0 1 
1 1 0 1 0 0 0 0 0 
1 0 1 0 0 1 0 0 1 
1 1 1 0 1 0 0 0 0 
1 1 1 0 0 0 0 1 0 
1 1 1 0 0 0 0 1 0 
1 1 1 0 1 0 0 0 0 
1 1 1 0 0 0 0 1 1 
1 1 0 0 0 0 0 0 1 
1 1 1 0 1 0 0 0 1 
2 1 1 0 1 0 0 0 0 
1 1 1 1 0 0 0 0 0 
1 1 1 0 1 0 0 0 0 
1 1 1 0 1 0 0 0 0 
1 1 0 0 1 0 0 0 0 
1 0 1 0 1 0 0 0 0 
1 1 0 0 1 0 0 0 0 
1 1 1 0 1 0 0 0 0 
1 1 1 0 1 0 0 0 1 
1 1 1 0 1 0 0 0 0 
1 1 0 0 1 0 0 0 1 
1 1 1 1 0 0 0 0 0 
1 1 1 0 1 0 0 0 0 
1 1 1 0 0 0 0 1 0 
1 1 1 0 1 0 0 0 0 
1 1 1 0 1 0 0 0 0 
1 1 1 0 1 0 0 0 0 
1 1 1 0 0 1 0 0 1 
1 1 1 0 1 0 0 0 0 
2 1 1 0 1 0 0 0 0 
1 1 1 0 0 1 0 0 0 
1 1 1 0 0 0 0 1 0 
1 1 1 0 1 0 0 0 0 
1 1 1 0 1 0 0 0 1 
1 1 1 0 0 1 0 0 1 
1 1 1 0 1 0 0 0 0 
1 1 1 0 1 0 0 0 1 
1 1 0 0 1 0 0 0 0 
1 1 1 0 1 0 0 0 0 
1 1 1 0 1 0 0 0 1 
1 1 1 0 1 0 0 0 0 
1 0 1 0 0 1 0 0 0 
1 1 1 0 1 0 0 0 1 
1 0 1 0 0 0 0 0 0 
1 1 1 0 1 0 0 0 0 
1 1 1 0 1 0 0 0 0 
1 1 1 0 1 0 0 0 0 
1 1 1 0 0 1 0 0 0 
1 1 0 0 0 0 0 1 0 
1 1 0 1 0 0 0 0 0 
1 1 1 0 0 0 0 1 0 
2 1 1 0 1 0 0 0 1 
1 1 1 0 1 0 0 0 1 
1 1 1 0 1 0 0 0 1 
1 1 1 0 1 0 0 0 0 
1 1 1 0 0 0 0 1 0 
1 1 1 0 0 0 0 1 1 
1 1 1 0 1 0 0 0 0 
1 1 1 0 1 0 0 0 0 
1 1 1 0 0 1 0 0 0 
1 1 0 0 0 0 0 1 0 
1 1 0 0 1 0 0 0 0 
1 1 1 0 0 0 0 1 0 
1 1 1 0 1 0 0 0 0 
1 0 1 0 0 1 0 0 0 
1 0 1 0 0 1 0 0 0 
1 1 1 0 0 1 0 0 0 
1 1 1 0 1 0 0 0 0 
1 1 1 0 1 0 0 0 1 
1 1 1 0 1 0 0 0 0 
1 1 0 0 1 0 0 0 0 
1 1 1 0 0 0 0 0 0 
1 1 1 0 1 0 0 0 0 
1 1 1 0 0 0 0 1 0 
1 1 1 0 0 0 0 1 0 
1 1 1 0 1 0 0 0 0 
1 1 1 0 1 0 0 0 0 
1 1 1 0 0 1 0 0 0 
1 1 0 0 0 1 0 0 1 
1 1 1 0 0 0 0 1 1 
1 1 1 0 0 1 0 0 0 
